0 233
1 233
2 233
3 233
4 233
5 234
6 234
7 234
8 234
9 234
10 234
11 234
12 234
13 234
14 234
15 234
16 234
17 234
18 234
19 234
20 234
21 234
22 234
23 234
24 233
25 233
26 233
27 234
28 234
29 234
30 234
31 234
32 234
33 234
34 234
35 234
36 234
37 235
38 235
39 235
40 236
41 236
42 236
43 236
44 236
45 236
46 236
47 236
48 235
49 235
50 235
51 235
52 235
53 235
54 234
55 234
56 233
57 233
58 233
59 233
60 233
61 233
62 233
63 233
64 234
65 234
66 233
67 233
68 234
69 234
70 234
71 234
72 231
73 238
74 231
75 233
76 235
77 233
78 233
79 240
80 162
81 132
82 127
83 114
84 128
85 117
86 97
87 94
88 122
89 111
90 101
91 107
92 109
93 91
94 111
95 114
96 123
97 113
98 92
99 116
100 125
101 122
102 115
103 124
104 114
105 69
106 40
107 94
108 139
109 82
110 104
111 126
112 120
113 91
114 76
115 67
116 88
117 89
118 72
119 111
120 118
121 94
122 38
123 58
124 105
125 115
126 100
127 108
128 119
129 76
130 106
131 98
132 77
133 108
134 121
135 128
136 108
137 95
138 114
139 133
140 136
141 125
142 140
143 125
144 127
145 116
146 112
147 114
148 105
149 113
150 97
151 104
152 96
153 52
154 35
155 75
156 102
157 101
158 60
159 48
160 40
161 73
162 90
163 109
164 117
165 59
166 31
167 63
168 90
169 70
170 51
171 64
172 92
173 84
174 70
175 95
176 218
177 241
178 231
179 235
180 237
181 235
182 234
183 234
184 235
185 235
186 234
187 234
188 234
189 235
190 234
191 234
192 233
193 234
194 234
195 234
196 234
197 234
198 234
199 234
200 234
201 234
202 234
203 234
204 234
205 234
206 234
207 234
208 234
209 234
210 234
211 233
212 233
213 233
214 233
215 233
216 233
217 233
218 233
219 233
220 233
221 232
222 231
223 231
224 230
225 229
226 229
227 229
228 229
229 229
230 229
231 228
232 227
233 228
234 228
235 228
236 228
237 228
238 228
239 227
240 227
241 227
242 227
243 226
244 226
245 225
246 225
247 225
248 224
249 224
250 224
251 223
252 223
253 222
254 222
255 222
